1000 1000
10900 12369 18315
3195 20991 26604
18535 32542 21941
6189 6839 7988
28572 7735 18083
13719 24892 8510
21274 30667 27413
31889 6085 25127
20022 2775 27449
32053 3083 13976
368 4699 22647
29696 3706 5050
29218 2016 368
15190 21781 16374
27562 9591 31620
110 26673 27216
8426 19112 6007
31455 15196 8508
838 17684 7958
27964 32503 25397
91 18617 22500
23169 18300 21128
27168 11540 27446
28485 28005 17162
17728 7065 3661
28391 5413 13241
10181 4407 9552
21551 12479 8049
18021 14301 12840
4641 5336 14143
22810 32326 15544
19696 31058 24057
12235 17264 5092
19536 480 28708
13869 14466 24417
8094 17674 21580
21032 5919 2119
16787 18579 20314
2651 17226 4827
19579 8274 30102
19105 14184 11786
20784 22730 7239
31394 32268 3469
29248 10544 14648
32458 20612 10674
20998 8350 29838
13896 621 19508
32169 12448 9901
10462 434 29617
6194 11108 24351
28076 12219 8092
28736 5679 12987
28730 965 5308
12287 8426 16001
11115 3986 11932
19053 14811 23006
18975 30448 27758
31251 8434 11869
27574 32717 10327
25790 8234 9201
7848 25552 24094
5335 14062 6222
3570 19887 8880
17522 9353 32029
28169 15290 32764
16167 25085 3048
31888 11857 24845
14156 21990 4102
29193 25669 10354
8250 27942 9734
10030 16462 32593
17046 22928 3380
30658 6682 30137
8403 5075 4951
10991 685 15635
12659 28749 3007
28054 14075 11193
16808 11920 31275
17687 27918 25890
20073 31164 28478
24948 10002 1062
6930 25604 22393
27626 5400 3390
5165 4589 32496
27468 6523 19671
29174 6703 6964
10693 3362 10767
25009 9535 6700
16335 14355 28777
3571 9189 4047
5757 26655 13161
32107 5752 13829
26475 29314 17684
15564 26250 22798
2807 3790 21698
29671 21290 4161
21894 10374 15820
12055 29711 5647
27400 21026 26099
7567 29252 17276
23545 16257 22939
6694 21804 29336
8590 26351 10286
22456 14582 10392
14031 28485 27965
19253 32734 13217
10958 14038 832
15600 8650 12647
11326 21023 8957
6101 13859 2852
18704 12915 16135
26759 16896 10395
31974 1057 19663
22424 18677 16164
16249 4291 30005
4443 10537 749
8264 23987 25773
21245 31620 28667
12071 10202 14150
2024 5894 11660
2440 5468 22325
21406 694 2535
29330 19142 9406
25487 9122 1480
28775 21708 29827
16791 23779 11735
4898 22717 28071
27428 13742 26110
23162 3373 9036
31288 32204 7538
13580 27022 32074
1214 25371 29637
24751 5803 12859
19438 2781 30312
5489 17222 18732
14522 6141 7002
27906 26433 25487
17263 9124 18685
30392 1312 75
5137 8095 25673
27771 27846 3829
13860 29328 21970
5931 13234 5786
30171 27618 2909
12650 22071 30115
13787 493 32502
3536 4693 26809
5154 14042 3529
486 22597 9397
22957 4383 14380
10633 30165 29688
17387 23211 4502
3714 14625 459
2092 26142 637
11887 31833 24206
20609 31648 22351
19794 12166 24034
11984 22321 16129
3434 22164 19478
28164 24716 8427
29981 24840 10867
4771 2286 25833
29204 3628 14922
4914 5476 14842
5347 2971 11465
9771 7281 26320
17103 30058 25090
18036 13341 3347
913 9830 19367
4247 18907 21315
28453 11299 22638
10796 28611 29308
9219 1481 21274
21038 8973 31885
10335 26085 27794
21564 15834 9243
14650 20139 19098
12787 31398 13256
24680 23909 32002
15577 14841 668
18142 17673 14696
24732 11065 25376
10979 8488 16863
20626 8100 6115
14838 16827 29986
31925 15059 4969
23689 9584 18194
29083 30312 692
21989 23432 22186
25616 5804 10467
1224 18281 4806
29790 19517 14240
8615 3949 28985
32367 25387 25420
7577 11668 13354
25411 6679 17202
20813 29737 10174
28020 7200 27943
3490 12659 13928
5566 11981 31066
26550 17675 15484
19912 316 1610
22668 15989 13280
26266 15407 15897
3215 20479 14051
30089 2772 5549
6565 21027 1449
5508 25185 21357
21133 4823 15278
23545 25302 11889
9400 2444 19273
8154 21885 22654
27112 5078 13117
5732 7691 21551
26923 26605 18098
7348 31081 26122
31514 16770 23091
5714 12686 2690
29531 17060 18560
26675 4085 29710
9688 26026 6227
5357 24716 31703
10292 32342 10353
10761 21816 29877
24657 30644 14743
22452 7741 17267
5907 2399 1572
841 9771 20613
12965 23084 26002
14945 8226 9924
32223 16249 19990
28528 3462 12231
2728 20362 28935
10775 7296 18924
23397 8880 16089
9394 21210 15670
9175 12866 26057
32207 28955 11146
11252 5509 27286
32649 26607 19948
16282 15377 23765
22532 11831 29643
11321 608 28868
17787 20575 6792
10684 26757 1708
32157 16844 25265
15964 7227 27689
19243 24435 30115
17703 16078 32246
19994 16136 27041
19802 9356 20753
18850 26685 11125
7396 3779 16468
18690 32265 15411
19109 25203 14286
28382 15350 30403
13649 27959 27013
19595 4059 25653
8697 14116 20335
30107 4761 14091
6563 31613 3260
31114 17071 9472
16256 31637 29892
20577 14783 21491
24991 17977 18495
26782 12893 14847
1065 4971 10641
13262 9661 31213
11156 18280 28483
7319 8476 15484
17477 24866 26640
3108 16635 7214
18075 22450 26119
24108 5248 15532
11363 1915 3757
10773 5527 26577
2322 6894 3119
27869 29363 23037
10348 9259 24572
13005 11578 5191
3925 13302 20834
12581 7159 26270
10497 28608 21246
8000 17209 15618
24255 19373 20518
23524 15451 25168
25363 28374 12181
22197 9454 12385
10464 14157 2810
7947 20924 22635
26052 8315 13123
12435 23640 24541
11007 18932 10164
27528 8703 27955
8829 21982 14890
26986 241 23924
26067 7537 17693
24692 7565 9820
17232 7999 10304
22340 19151 4694
10620 24139 18122
22394 27150 15066
27535 31250 3793
26925 17406 6862
12743 26386 13117
14986 4456 30189
16045 11381 19002
15872 13340 29554
20130 14057 60
3774 4346 31084
18771 31187 5091
24179 8757 25485
21725 3923 26992
24716 17685 27473
10438 7385 17533
26213 2272 20684
21282 17726 11584
32045 27835 23173
3192 12953 17021
10598 6297 26663
18231 4429 19439
9548 16794 26349
28139 764 22744
7815 9313 18450
20338 27497 9460
9458 24650 30901
6862 21101 29184
8035 5268 6117
5243 15753 3736
31921 31942 4826
27985 10434 29470
18029 31753 14471
26441 31169 17366
2063 7977 3325
20171 14702 13200
30844 11119 31329
20310 24456 17518
19765 25769 16486
24719 22756 19621
26004 24294 1154
1316 31822 843
25047 216 29782
26379 11086 15767
3317 25053 22798
5365 13117 32535
4454 31512 5522
21281 30830 8136
4201 17706 8939
9670 22606 8475
12404 25695 1324
1481 20691 26432
25289 879 14510
8332 10896 32347
18791 300 2707
10727 28736 27495
7632 12203 195
13234 14771 22257
3681 9161 13533
16489 2393 13310
2852 2591 8923
28369 731 28585
15469 12994 14163
15013 26255 18019
11425 5987 12954
29361 20642 8670
23534 6052 3389
16113 3148 28421
20456 5575 16257
29056 10862 15764
2629 4602 28911
29570 18530 17189
31016 27887 30233
31569 24308 6613
14529 10885 29203
27529 23217 22222
12587 29609 15968
21207 30220 28495
3275 17082 14136
4747 8983 25366
675 10257 888
18018 5559 22830
19793 31872 13979
12801 157 22677
12981 13799 4237
18713 9838 6199
2418 30250 29237
27952 19934 6694
198 26415 12038
18552 17068 29733
25707 5810 772
20297 9914 23517
31109 23306 29168
31244 15805 22344
12993 26168 32669
18371 25403 25159
10552 7892 23207
7534 19912 91
21680 11961 2546
12536 29639 7656
14667 1406 17093
28285 9498 26276
31186 24851 4192
15614 2694 24305
17685 22828 14159
17375 1717 11346
14867 31289 3579
25800 15894 7489
29164 17170 12573
5561 8728 15122
12244 25778 22045
13692 4461 4255
5740 1419 22154
26797 16976 26354
32605 4695 14124
6166 3341 5428
32004 25722 12892
22804 7230 13178
30600 19020 170
28477 21870 6222
3521 22501 3061
17021 18474 5896
14250 26431 14467
10084 27304 2387
27485 25806 19643
16229 12936 22636
1733 479 2962
5412 32096 2819
20362 14420 7876
32055 4105 25284
18412 17311 17780
15833 1268 24817
12923 24843 12486
8325 8421 11160
14325 23980 23440
26234 745 21827
2483 17047 19261
13704 20327 1849
24677 24620 22374
1213 8084 4777
10770 8079 8924
26837 30137 1878
27544 28087 11287
28267 3079 11930
6428 21904 5177
1121 22256 16351
17967 1818 17205
25344 21822 24534
22924 10143 13492
27831 5978 3613
14782 27466 19660
19334 5257 7447
32536 12996 25768
6775 16390 15890
27830 18342 7856
19635 10556 8217
5509 26851 20180
19474 6548 10766
29583 13425 12040
1856 26517 2253
9966 11741 267
27587 27199 12434
24378 14734 30234
8843 26861 7384
27985 29414 2586
26064 25383 7272
29893 22397 17240
32111 26914 24402
31578 27688 18682
27394 18659 23298
31311 20630 20907
8547 23875 31932
26739 15513 22838
23394 9030 7443
17711 11907 9983
21457 12157 18241
19467 13337 18590
21813 112 15724
30047 16387 2830
25016 19525 16177
5157 31695 556
9273 5912 2584
2606 2780 8561
388 27846 25530
804 19652 6709
3360 21528 19386
15397 28193 29411
26413 19085 18408
24790 3264 26580
12620 7993 10021
18489 28837 29143
26254 10354 10206
10942 28004 6035
1740 25408 13628
6194 30654 17981
16391 23753 31318
20389 27016 9051
8343 9528 27916
29787 25150 27792
29525 18633 14934
16994 15575 23454
17159 14081 15399
10858 17327 29731
13488 26940 25908
28648 12712 28098
152 20760 26946
21937 15309 26796
24613 27751 26827
25745 24862 5072
23265 8104 7441
13446 9800 13073
1846 31036 32254
11433 16769 22876
9169 3793 11618
14063 7866 32114
29871 5054 11117
15422 7903 8630
6958 25144 1656
12945 5350 26230
17098 19123 27766
27173 23006 23378
1099 25551 20138
26586 27955 4057
24454 6800 14447
19024 2276 3189
12297 13797 8251
17517 26984 21557
6980 12704 26145
29518 22377 9505
14096 5231 30075
3790 21928 12304
7587 375 10119
31522 16283 16962
24653 4504 8989
26445 13743 10790
23708 18838 6599
14153 31283 19992
28590 6535 31963
18999 28237 18168
29152 1886 9584
3077 16534 10727
22812 18800 72
32571 10019 21397
27249 30522 10997
22255 15662 19677
5049 26077 8692
8729 24733 5030
27774 4871 14186
16571 17930 1091
2395 31805 6341
12434 31279 7871
20356 14791 15741
589 15796 16615
24136 31661 17300
18827 9427 30948
674 27782 3766
26877 13906 7624
3378 20741 1286
2434 32194 12890
23867 19595 4338
9766 13056 3075
4980 21030 12717
12342 19825 6832
13777 18114 27677
13812 9068 20477
10638 1154 27743
31633 9934 21260
23328 6249 11311
26989 30130 15313
17374 2795 3285
25560 25275 19385
19322 6393 4968
24512 23161 21243
22432 18080 27782
9494 13259 30961
18018 30039 6351
31438 5966 17222
8232 30612 13765
16837 20027 19175
5226 18491 20199
6902 832 24306
24670 26624 4377
27326 24627 13592
8529 15328 11956
11813 2491 1065
23673 28460 19676
30819 22077 20690
17495 8428 749
24092 20393 7588
2047 22394 23318
24841 10245 26372
21219 9889 28546
27139 22214 10393
9212 29619 16795
22699 10578 27975
22872 8261 20816
30510 15171 27623
18817 28565 22627
1484 6980 16941
5684 974 29218
25902 26527 19588
7263 10140 29224
30637 31183 13513
4970 3537 19691
28955 23232 27429
8740 5135 19270
18864 16760 9086
31232 13996 24130
13343 23640 30511
31062 4942 23246
8202 10573 15883
31723 25841 15646
18758 15222 25309
27887 8026 25067
27055 3370 14039
28713 2326 30674
9860 29547 25778
8216 15012 21881
4986 1065 28537
32032 3675 29003
29959 21215 29217
20008 8218 32227
6299 24425 27786
27958 19706 14983
29886 307 8059
23262 623 26941
7238 3332 7342
2480 27029 9304
14121 32280 4376
11998 26282 2977
30873 6986 16096
6095 19932 1370
15714 30575 27081
7273 26097 10702
28364 22594 29693
21544 9853 28722
17771 4451 25212
18529 25238 27133
25759 18785 18324
2116 4688 22024
21178 31941 30512
21371 31842 9990
23297 30604 15339
5752 28354 20806
15874 30631 21787
16325 20512 25012
2556 19276 9556
6149 28034 5265
22595 5179 30234
20059 20077 27748
19944 30031 24754
26994 24426 14855
27924 25069 5464
20837 13758 11492
20943 7975 12614
16681 24751 28347
12335 21694 26946
11860 31666 4234
8990 24637 20925
11344 21068 13934
25149 1762 20137
3165 12697 3730
6797 13078 1150
3562 19627 17294
14562 12445 20792
27444 12355 21692
18000 26314 12080
31789 30613 8051
22027 29274 15641
7693 5901 31270
16766 18624 19850
6181 29531 7895
23159 19724 9698
26319 27177 21606
9408 686 18271
15241 16197 24215
24451 25801 3781
11674 23597 19179
31806 26832 30185
6365 18746 17576
25658 27044 8183
4220 3807 17557
28358 13416 25684
10696 4785 16731
31132 17098 5472
18286 22334 2962
574 26229 6030
1974 5847 19668
14893 22495 21124
6293 20691 17275
10571 20151 26956
2737 24065 23752
22721 5274 18353
22710 19513 19886
1602 29410 16991
19068 27219 20086
21126 671 5226
13305 25834 14317
3918 21024 16441
24049 27057 231
4178 5532 4882
15073 19020 4407
32738 16588 4538
29852 22758 7017
813 1446 14812
28555 2043 16614
17249 22637 5951
9879 1042 15432
2081 21460 31986
20261 22872 15369
17676 14320 4589
5800 4185 3023
8001 21789 7651
5042 21585 13571
20779 4138 28217
17048 31432 28542
16887 24430 5202
10748 30578 8548
29566 14477 30139
7637 14474 22924
25746 29967 31708
6104 26412 12807
32486 18472 29747
21067 25676 28831
28431 2615 13129
20129 26212 6508
10831 28388 7131
17278 9453 3018
14630 16621 6390
9710 22078 15447
28384 2812 13551
12267 14698 16071
21911 14113 4225
31381 18731 10408
4965 14013 25722
3232 22024 29301
14518 17162 15799
11749 30000 28285
4347 19072 5731
30490 16066 17811
1588 14786 8378
286 4472 14214
15614 3812 22199
22878 19188 12734
4655 7198 32629
2356 27420 14503
25647 6990 9783
7258 15944 12456
24957 17875 18500
14021 15665 22995
17193 7333 5668
1149 8929 23962
13620 31430 23007
11863 6163 12327
2054 74 14154
5268 4294 20268
28029 28338 23688
27862 25584 9797
18764 16214 10314
4839 3728 9538
20377 8960 6260
29772 19095 28402
7709 17943 20268
3220 30551 1865
31539 14050 30078
31970 5249 7667
17310 13260 2595
29483 4569 3762
6888 1457 4105
26134 17696 803
31655 28318 25506
12425 17644 22959
7188 12168 3893
25661 614 9177
4268 18402 5536
19705 5413 16941
31198 26657 10310
9788 5016 28280
10987 11405 26663
904 22472 29969
26501 10222 31569
28546 853 1110
25302 7671 14115
24743 18163 26038
26092 7035 13607
25161 12513 13778
15555 28372 11112
18183 25350 22949
4196 27907 8838
30221 23734 3248
31185 110 29444
30384 19797 2198
11448 17488 8317
22091 31820 183
27165 31783 1222
29284 2064 3239
19070 6359 5664
9598 24871 12941
11301 17711 15117
24370 18289 7898
32156 12819 25452
24662 32546 18642
1404 7809 20950
14941 16424 23508
24 29216 29052
23867 24058 19322
16559 16675 5120
366 7939 3284
18212 18076 20461
9217 541 6511
15478 24221 17377
10391 5601 12529
22377 23482 2958
6636 22708 21606
6174 19386 2830
31563 10712 17048
25746 28071 10827
15846 29422 24321
10549 20349 32102
17178 11940 30020
2076 21537 30811
28926 7310 18726
9847 21094 31584
20689 6995 26494
7004 9300 4776
1828 6583 18078
13305 27110 32661
17361 9262 1303
208 1271 23167
7202 6133 3057
15507 31775 9104
11183 17897 5540
26794 4263 15992
26846 7823 11647
17554 30688 26581
24589 11790 13114
23705 25218 1190
5326 2572 23778
8606 23775 2863
10936 11431 9579
7898 10503 514
16315 24323 8323
17384 4152 32061
8193 6954 23680
10367 23341 27413
16313 39 24955
31896 14630 14398
16736 25769 2295
21246 27585 10724
20326 5009 27564
28021 8703 3612
17990 6969 2879
30972 5892 25888
10337 9040 15390
3542 22901 13495
10049 18082 14258
6747 9861 9358
17933 17710 14750
28872 4107 7539
18262 22600 10963
20353 18235 16051
19591 21955 13204
14463 28116 25604
22426 28761 10696
6121 19941 31683
20452 4799 17189
25346 23667 24695
20754 24631 19226
20463 1446 6604
30639 8308 27273
23569 334 10372
8397 5671 25514
23000 25819 7710
15010 18082 3757
90 25621 3091
25150 24123 29686
17952 17471 8189
11939 28806 9996
32220 32114 22795
17374 9340 4493
1799 29762 30857
10497 15396 16330
15770 10769 29282
29186 9308 2256
31582 19621 1004
10991 9427 10769
17028 15827 1633
9209 12634 13034
23693 4698 24517
22080 5386 30384
10658 13133 28727
10089 1270 15378
23528 20378 21205
26212 27497 5873
14210 13191 4288
1515 15831 22014
31539 31302 18919
27042 16138 16314
7907 29170 10902
8420 31802 4778
27762 1155 5636
13975 28425 27366
27809 6313 3416
24485 18333 25418
1270 13200 22487
23022 18769 4837
17635 16619 7226
19398 10668 30604
4004 22761 17502
30816 21672 1170
23939 13272 31693
14270 10860 30993
2695 18849 11986
24815 2557 25427
25021 28523 29455
19399 6565 24366
7064 12284 983
19294 2288 15223
11035 11192 19382
5360 20884 22239
18636 4940 8679
32499 5026 16075
31648 23654 15800
29315 24273 31499
16222 12813 15099
23920 23999 1918
9522 27246 12829
32152 14717 22782
13918 2626 11132
3662 31432 32054
19021 8725 26889
18170 31663 32035
14458 11281 29288
17980 30628 14450
9189 4390 20228
1849 16673 1025
24843 12957 14024
26327 27497 34
30875 20852 3467
7439 7190 27512
22626 32547 1616
29354 2919 15748
12580 31631 8924
30200 19342 8252
6996 4695 14679
4456 3701 577
13813 15813 3325
15628 7853 913
23043 8192 10234
8295 27520 31943
562 21340 21517
27679 12647 25927
31214 14546 7307
2912 16208 30440
6104 22541 32719
6939 28271 11768
1851 9867 12096
26981 26012 15027
16681 13251 17523
10652 610 13696
8515 22096 30488
6690 4432 31122
19288 6804 29351
7884 11311 445
11870 27977 15376
24407 28701 4516
9845 23807 30430
23425 5833 27016
25328 25466 5766
11925 9538 19805
5787 1127 29662
31380 10256 22515
26548 16612 10220
14136 10137 31067
25175 30671 17551
31619 28924 11204
11079 22748 22705
22692 20196 27785
10842 9431 28930
4938 11018 28464
10999 8106 18284
1219 7256 24186
22114 26871 25280
16253 28395 25564
16076 30309 21834
19134 2666 10238
17253 14074 25684
30634 4203 7952
13527 2317 31673
1530 28633 18953
7935 13500 14362
6381 19358 12861
18362 6889 22357
27989 16892 22214
7197 19751 21065
26579 12113 7089
15480 23843 5138
32417 16972 6389
27882 29290 574
17524 28847 31640
13181 11169 9899
608 25396 5517
11769 3196 5899
27851 5170 18742
30960 19493 32586
9154 28695 17294
11956 20432 19263
26968 6093 1122
24632 2983 8567
22747 17570 5670
17156 30809 1015
32760 2647 8005
30412 22002 19781
5929 8019 13575
2625 9409 12069
18691 15417 7252
6718 9085 9659
4164 23369 32518
22364 19941 19743
17063 30042 7307
15754 22923 128
29415 7502 13048
9802 5779 29034
32388 23626 23019
27035 30853 19146
27679 16418 23241
19123 28550 18119
17799 31406 18997
17694 13462 12168
25809 3081 21725
17371 19361 25214
19979 2795 26087
12170 21640 27342
14193 1430 6059
25040 24683 29418
24621 31509 20343
15215 29405 30336
23040 24505 2966
10196 11978 5444
1134 20761 22222
5118 32049 31810
14406 23814 5902
6156 20484 24244
6287 23593 5383
6617 3535 14494
14928 11336 14567
21610 17138 25749
26281 24424 7273
17180 31633 15222
13100 3141 19704
16599 13702 20487
6795 8662 30881
2731 15356 12716
13284 17107 22263
4772 1662 18618
12632 3965 31555
31421 29595 9232
32440 13083 28563
31027 31593 17145
16223 22492 4227
7849 20635 22410
5790 7979 12243
19424 26331 31988
10301 13715 6191
26607 2983 14983
9982 24770 13998
26933 15084 14162
9521 19280 32496
21129 11013 2984
16298 9559 9450
13134 17398 29942
13758 16889 5057
21619 25585 9640
8475 31082 11065
21897 1934 19985
22151 5146 21934
25719 13881 7310
5362 12046 1681
16242 962 8808
6758 12944 13777
9278 7705 6164
3757 27574 1739
237 19093 14053
461 28278 2442
31123 30808 5974
4264 26943 31615
29605 13751 2659
11361 21584 10494
8954 29859 2494
4439 13886 8990
23987 11913 28086
16596 25717 30161
4976 12841 26926
23746 396 30800
31122 18000 11002
9987 21697 17959
8579 25207 16751
11841 15630 31119
3906 6839 18460
28752 18299 28631
21910 3733 20697
32376 9160 18179
2746 17034 12461
2624 9092 28657
25453 23136 11843
16788 28452 12960
15252 16048 21221
5975 31169 27251
6911 25129 8237
4550 18302 7806
10739 11114 31733
2610 9162 32326
23675 3727 4396
511 15348 17784
11447 11722 32658
24294 2003 10622
23451 31385 19861
5358 19820 18951
11491 22901 30398
3737 11737 14802
15912 18454 30316
5174 22757 10079
16973 2716 8664
6494 4624 1369
25037 32313 21902
17396 27906 24779
5512 28727 14822
16980 24717 26502
21792 20079 32541
11888 22227 2885
13070 17028 15648
23041 1583 15974
20461 23428 27692
1058 29157 3417
15281 25023 704
13035 17106 25624
14021 24309 31403
19431 1933 12603
7747 22819 8713
7288 10423 24716
30151 18583 32404
24452 18800 25893
18052 544 30870
7 13613 20351
16044 13416 20566
28762 13142 17910
27979 17373 23524
31822 28291 14005
30232 21172 1153
4203 24624 20488
30200 10992 16928
6901 13106 18553
23584 7788 14514
31628 7782 21073
1305 21851 28213
31860 9798 20050
15382 32194 8641
7404 20326 32701
15450 28362 27408
5673 25869 14342
12188 10504 18217
3269 24169 15049
18354 14603 25142
24253 29187 2772
16615 29642 6071
608 23174 30563
10186 23758 6537
1207 252 11500
30803 21545 17270
30286 32765 20225
26032 32413 9301
2913 4242 18738
8487 17530 1754
28899 15548 8959
7101 21533 5025
27098 31953 18228
20905 23327 21290
16630 31797 26942
32707 13702 12723
2172 30496 4968
613 13476 50
5848 18020 32505
23163 26464 5348
14448 3955 13225
16569 3100 29481
16274 32283 7658
6189 6271 5542
398 15022 25587
18596 7613 26336
31842 19087 20381
24224 20544 29650
25210 603 14174
4560 12218 16684
12918 30759 31507
21572 18693 14134
24315 18831 31064
7133 23904 8597
28394 23683 26778
1182 29421 5982
30878 21273 19239
1518 116 5438
31487 2507 22507
3571 6872 30369
28043 29932 14749
15737 21707 7191
31901 23866 1156
1079 29082 15471
22950 9422 18204
20554 12842 27457
24331 13545 13383
13623 28541 6873
5609 19010 9677
11737 30815 6337
32749 22752 11347
14853 20477 2913
29184 434 7708
25549 2463 7272
23678 25434 10274
419 8638 3843
9253 15584 23926
8655 28450 20994
15118 13399 12004
16627 9937 32130
2878 27790 10566
4244 1020 26813
3261 15463 25370
29662 296 28663
7988 8044 12844
18469 16958 27611
888 10932 10357
23491 26454 4760
11157 16961 895
29040 3661 20635
6196 19025 15344
10018 23946 27077
12397 27997 19206
24339 7297 13667
32105 6849 6699
11913 11981 22104
1377 27453 29937
10599 19713 15922
14802 28618 20490
29374 8827 25900
6924 25728 22557
6603 6621 14917
26466 9339 4494
18476 10751 13806
30365 23817 28297
28978 29548 32520
21129 11643 13042
23443 722 1315
17329 28277 22034
21999 9960 9279
30120 5780 24585
31722 2229 9594
6253 27583 5494
29887 11079 3444
3281 14207 11735
21912 13357 29779
18400 23089 24967
8471 28763 27811
15810 11249 25197
2771 319 5518
24215 27533 24238
175 3117 10787
4132 23269 3849
21847 14957 664
9600 25979 6819
3662 25237 24023
12799 6442 22637
7499 25584 14515
18179 8758 14954
32728 8989 17814
17537 13104 2431
12656 17206 4742
29278 5746 6289
23444 14615 25815
11504 27151 19489
3211 16030 6372
6464 2191 20391
18626 2556 14752
9707 12248 9298
21523 4466 22240
9129 25860 27903
26460 7688 12975
3304 12063 2437
31774 4132 32016
13825 23557 18342
15147 3858 21226
10217 27080 14913
15496 30925 24608
25974 13430 14241
30221 22960 11780
24449 31505 9721
17254 3042 7834
30362 20 10603
11652 27787 10864
10503 18656 2349
20649 26936 31220
571 7392 18862
18306 4606 13450
7448 12366 6081
10006 27962 11994
7301 12239 17727
10868 4086 20227
30289 31090 20893
32357 2664 22717
23126 1200 22879
31884 6661 11405
29773 7794 23941
25271 23314 11419
20705 32605 12336
32339 29127 16072
24285 12743 1593
11581 26454 5904
27526 2597 17781
19565 20857 26219
9606 28624 13776
550 23383 2461
13295 11640 20366
5294 31958 12469
22335 18330 2897
32712 10686 823
26734 15571 26802
2653 5172 19990
28267 26349 26258
2834 22134 8210
31894 17646 29806
9671 1504 11801
11540 5530 1621
25905 26018 15535
24600 10020 32093
31495 14774 27797
1386 27650 5280
30337 10978 30755
10207 3618 1833
13332 21251 31763
19067 12522 15708
31414 29895 8617
30061 10195 4289
31243 9374 14721
9523 27261 11057
31306 20627 23915
14455 20618 17115
22973 13124 21784
2453 28322 1696
15656 25141 3212
9919 7024 1708
28540 25140 15498
10298 32383 21345
8858 3204 17528
1586 25648 230
26145 9739 29296
6154 14669 18430
2672 26042 24944
9538 21985 11506
5472 23008 32498
13370 29277 31664
15217 13362 80
7556 4915 5231
19280 4771 26039
27269 13930 1657
29446 28517 27554
15500 27613 24298
3381 3250 19726
30126 3105 28546
2596 290 18407
12040 19270 13790
23440 4029 16990
16437 15342 1461
23418 17165 2852
18971 19570 14573
17769 25819 18379
27480 11016 32414
22235 29786 2987
3835 7982 32352
22234 15083 5929
13901 5567 30590
28141 9161 12844
17613 10878 23516
11999 5424 17957
16829 13572 13489
17938 18916 6907
17600 6214 29542
18524 8232 14256
27522 6968 15169
23446 3959 12962
21607 13879 16537
17006 2220 1711
16036 21561 8394
538 31824 6570
10844 22524 8742
13302 12621 21985
13201 5290 11664
28224 2616 23461
30993 9893 7051
22115 25068 12559
15516 1154 11486
13463 22577 17790
7160 2387 19223
5056 19867 27514
23225 28887 1952
27081 31217 26373
17111 4901 20509
17405 2739 10113
13942 28907 1347
20482 8093 2997
14180 8801 7543
9600 22838 29586
31035 19063 20172
15779 4553 14023
6440 7398 29758
23790 21350 10322
25285 8502 4151
10535 15792 28284
11153 30161 711
2102 25765 29711
22239 15797 21522
1620 19887 25255
4696 26734 25568
12511 8847 16229
24419 30553 30041
24742 2567 14968
6165 5216 31307
10643 25685 22319
24176 3504 17298
24312 32211 5519
23327 26388 25722
8939 13404 1968
27885 31996 13612
7283 7239 3136
31913 32354 1164
891 30742 5377
8509 6653 17428
699 25130 15139
11801 28804 22664
20256 27167 15549
14915 253 20633
4440 12182 9695
14507 9532 7896
10633 17050 11499
27289 9249 9858
15970 21997 32055
23367 11329 776
16387 10701 7211
16395 1262 108
23664 5662 5205
6814 15593 20159
9865 20731 28452
25433 25882 9576
12737 2841 4437
24459 19228 23293
29707 19842 5933
11310 31380 31956
11436 15503 9492
32679 23928 15766
10749 4660 5689
17755 29397 13433
24900 21998 22074
3117 4288 28398
13091 8953 21511
23895 20840 21733
15439 15772 11141
785 29834 25590
1435 24229 12427
7931 30135 24586
5993 2162 16727
15963 11560 22630
13354 31510 32662
28281 21528 22040
6772 1403 5762
15816 1750 17723
31435 3986 22989
9885 11799 15511
5698 24045 7250
9890 26149 16243
4725 18782 28360
21064 22020 967
17541 1384 21979
5599 16807 15111
22571 9890 17544
7721 18880 26171
6390 30317 4741
8312 4315 28201
4937 21372 4125
32444 12483 7860
4036 30496 4052
7692 23643 20671
26381 1378 5016
18056 2417 4154
9535 25153 3708
6580 23363 29727
15204 28860 11566
10388 4510 15489
25284 12392 9892
1320 18915 12043
10486 13505 942
25386 13918 9338
11499 15744 26489
2578 26024 23023
13427 22929 31781
3791 5906 28471
16110 1670 3574
5554 14920 5976
25887 15508 25806
19841 26543 29443
32604 23425 24305
31410 11308 25784
667 1809 319
22066 15952 31937
6655 16836 28777
17739 27682 28504
1525 2833 25553
6277 6142 29061
2826 611 28175
7576 16451 27037
2546 8822 16464
29895 8382 9840
1926 8434 9490
21561 20001 23678
18075 27734 9187
17456 2780 2768
28414 13956 25390
29996 21044 12613
25605 1180 15933
11610 374 119
12905 27875 29942
31975 28806 28549
12389 4578 10244
257 587 32347
23639 5644 20321
3001 2717 27483
1363 17800 21121
6909 10948 22894
9823 7149 12434
13153 18089 24552
26716 10776 3209
892 17474 20415
18375 17506 17388
15087 13294 12813
13006 23517 18602
19587 7082 12754
26997 1388 5462
29915 14450 22376
19647 1985 4249
26534 28718 17979
27413 26035 24522
867 13290 7567
18271 19559 20955
28678 1373 17281
25995 9533 804
10025 994 19852
25214 22921 28594
9355 9325 31793
5787 10864 11560
29708 21804 26520
18784 27026 17994
3683 6343 6464
8662 28485 467
2117 28298 29466
4799 29055 2852
4026 29652 32421
21191 27342 20198
8646 24734 7906
20513 8946 14018
22203 9222 13879
19550 13034 5808
11727 18193 11681
14428 7319 25491
28870 11048 31939
20892 21062 32283
11984 1793 27308
14694 25787 20000
31218 32745 19825
4991 3734 27129
5254 14000 8945
32097 2601 25208
9413 26278 1880
12336 6933 22416
25168 6762 24121
12005 1864 728
5681 19832 2398
20330 29498 15458
16338 25271 21663
2192 17266 29598
20946 30590 24661
2093 22971 31041
20428 6081 23632
31691 20118 6255
12902 875 25427
31651 14278 11411
26939 24071 19332
31454 13072 28327
10892 6481 23121
20818 22654 28642
3761 67 2748
12854 31176 28929
18881 19375 2823
131 15540 19622
16369 27288 21308
15605 15496 20614
16791 30649 18438
4849 742 29782
462 767 21963
8379 25250 11962
26422 12519 24086
19638 8060 1963
14405 2803 17834
7346 25538 17668
27928 960 31698
25969 24897 31031
11992 30299 977
6111 11536 9566
20736 7142 28544
16060 32287 22310
27436 25527 26224
15015 1162 62
14907 6501 22325
17356 9246 2131
9701 8590 22693
32671 1695 7108
17435 8504 7977
24169 19103 18574
1473 27926 20090
18329 6670 26660
28847 29980 27223
11537 16340 28715
30963 22052 18721
15595 30209 23892
16327 7833 16729
26215 11906 21197
18626 29783 26482
4608 5733 3577
9767 31052 9089
5600 6139 16756
17249 22912 16036
26404 14987 7055
24841 10362 22075
7601 32341 31684
6159 27987 30538
25484 18948 30679
25049 17362 3745
10738 15087 7320
16754 7763 27281
19876 15288 8070
20011 18305 20831
279 15653 19911
6704 5114 15288
11932 23368 14890
20480 4987 9417
23953 11602 20276
30671 20008 10703
19764 2214 19295
12857 1543 28986
15551 12294 7451
26574 24014 5555
3015 19953 24883
1371 32139 11182
20250 17800 16794
27396 8922 30793
30101 26518 27605
18565 19866 9890
30112 398 7549
19255 15205 17657
1877 6819 10885
21166 29499 9515
30849 5947 13390
26368 4122 29806
32507 30062 22967
30754 5243 3157
25352 30041 18332
4061 10729 13195
16069 22118 3721
10302 5940 20158
12491 28375 19851
22167 15596 29360
3979 21816 27495
32618 23327 28274
14357 11141 3740
25046 5273 20781
20039 27173 6651
2391 25368 12552
32147 23821 30397
11009 19753 8454
20706 28578 13914
12154 31152 25085
23869 29748 26003
15707 1607 32489
3649 23089 5996
4040 7416 16207
13447 21074 2566
21339 31484 14956
21903 17022 8348
14259 15755 27741
31177 13071 5390
28235 10970 2699
8396 7612 2241
32612 7388 1789
27882 19039 20412
17443 103 19040
20118 16450 16971
313 22209 15071
19795 21184 24715
8103 8396 14884
20278 1633 28848
27009 25152 28449
16659 1969 19432
3774 20669 102
4333 16263 5913
6773 5529 27186
22862 18549 31742
31509 6827 26505
14208 14233 27720
24698 31123 2027
24554 24329 23494
2292 8744 4995
27393 31372 32716
12949 30730 24042
23164 10082 20814
22623 20634 11219
18911 11845 7272
15150 12729 27186
28272 4843 9033
1137 18211 13763
18992 7858 5056
9481 1860 10240
4727 17469 5591
31988 16847 6879
5693 22568 24389
26753 8584 9967
14645 16160 19094
5699 22526 6068
12366 27647 16994
5382 1318 79
24875 26818 12264
27492 17940 3789
27063 15212 23014
21208 32077 18113
13794 21558 2950
28256 11359 31722
31010 25758 17588
6405 27078 19478
11864 5935 27717
17126 28488 899
15390 11803 20905
21408 15430 22889
21679 8956 3879
16160 9405 23164
28648 3163 24270
30274 12527 13690
8979 24007 932
11987 15069 553
28024 7589 21950
14022 3623 5453
8683 30729 6969
13501 17381 5252
13519 14377 29017
27711 30620 21251
13124 14928 28722
26154 4954 7340
21375 26207 14505
20029 8343 1784
14202 18229 4020
31960 6264 14241
29306 28062 23316
4161 27008 24349
30503 3479 4877
15117 8665 31038
5919 15103 22979
5501 13490 20631
32336 26396 13374
24053 30313 20854
25474 21108 10833
14544 32384 32663
21709 7913 10697
14912 28553 28114
25082 7203 16055
25856 1159 31099
16377 23712 21943
24315 129 21290
10224 11272 7798
31033 2101 7461
31130 12186 5101
23215 22315 11171
23526 24522 32007
13766 30873 19867
2067 13926 13232
32440 476 1256
27333 28380 31103
11534 3949 19168
9159 7808 26741
15590 18070 31404
30827 18648 29574
29904 11616 19729
21967 30805 15853
31577 5996 2399
22388 24087 8569
5026 424 15810
15328 7031 23376
31385 20532 1327
5192 11924 21469
26279 18632 11162
7542 5916 8680
10740 10611 28993
24420 15106 4615
31631 11933 21548
15941 27357 29409
1564 3205 13104
25324 13354 31753
6868 8111 24600
6624 940 10320
24064 13579 24262
20337 1162 7647
32306 5557 11618
29866 14613 3456
6634 19353 5625
11263 4140 8153
28519 11113 17426
28157 18104 25220
24793 26016 14632
13674 18115 75
19244 909 20748
32665 32262 14073
14368 5784 25494
22745 25611 17011
9331 20285 17201
5710 11322 10266
31039 32370 28710
5522 31329 16042
993 32630 26294
12268 28826 19978
14849 316 600
21000 9121 32718
32654 28135 6851
10859 32495 25692
726 5141 20355
28706 29759 23022
9979 2295 32078
12374 2626 31207
28529 19284 9300
11468 3240 9783
32595 20246 10553
28285 21464 13256
5541 5619 25223
5827 25818 20510
3046 9543 25258
32474 6767 28599
20092 21057 29411
10396 11842 8142
7906 21741 19883
13506 26041 20878
15769 10183 26491
21014 26581 28116
28243 15573 2818
13904 27160 2070
13007 21114 18978
31905 113 11272
10588 388 22353
3854 155 21779
16897 19234 21294
22318 9077 28606
2487 18626 2160
10214 28473 9362
11580 30986 1137
30008 2974 26925
7530 19558 1289
20551 32076 16242
32018 22760 25716
3346 30756 29727
17610 20580 4725
17562 4175 25905
25400 17678 22006
24946 8213 11738
8373 18451 5334
24039 19675 22776
17251 19154 18340
8766 16368 15437
27915 14019 7541
22210 30687 11752
32350 14650 14361
20629 7556 12926
877 6014 25437
20859 5151 24229
23407 21739 18968
29216 7691 15922
569 22557 567
2950 30703 31779
11244 23891 25864
8091 19074 2782
21445 13198 7016
27176 22320 32688
1304 20245 7599
15006 24138 1485
4570 30564 13672
19555 32138 3138
11331 4021 25394
22192 15364 28563
371 159 30053
20003 13546 11010
4385 28291 11341
8589 25768 26289
8886 31676 3864
26792 5182 20248
29289 9932 8398
22198 19687 22408
4402 13312 1766
7222 12911 11447
2225 20287 31575
2617 11459 32131
12378 32256 8762
3835 31135 12140
21384 25244 8020
22210 9580 24959
24642 2420 8737
19776 5796 7075
25813 19876 7993
15074 22876 382
13976 9789 9254
5843 16580 10106
18030 11836 12032
12702 21173 3468
30692 18611 17775
26035 21937 5833
22012 12258 16098
21051 21465 26096
19715 22835 25624
6653 1478 9840
13069 12629 14932
839 28235 18070
28897 6888 6863
30486 3203 21219
7034 8063 10052
3307 31685 19388
21110 13785 21168
24089 12614 17908
20987 12709 8596
5743 21913 15323
26370 12339 1890
29058 3147 30687
27400 29394 28375
23309 26188 17112
10380 25304 6513
3612 19430 20379
7153 17536 9802
8698 29040 2667
31895 13607 19182
17703 30207 20062
26688 18056 10517
17842 11713 23503
32550 11276 16965
17357 25037 4721
18766 20556 26306
22147 3459 13994
28147 6219 12125
21447 26070 15669
11300 26402 10749
9308 20762 2366
12267 28680 28406
24907 30246 2165
24979 24066 27021
15319 16362 30161
13548 8090 18494
12856 11982 5870
23702 2675 22930
8835 9072 20825
10689 23953 8372
14980 1695 19484
23271 15026 14592
24182 24737 18283
15453 19973 16961
14820 9767 14150
21471 22820 5979
5394 19330 20325
27735 289 3987
3773 7916 24012
18834 26877 3764
19735 4360 24282
9126 6382 17085
27210 32487 28847
22570 18481 11747
8169 21297 1341
5021 8804 4620
21006 31811 14689
8068 25243 3846
26146 21347 23761
4649 28077 22315
6781 13655 18894
25352 17003 22073
11099 18180 31951
29512 29115 5242
18149 16608 15273
31693 10709 5270
30006 12889 22745
6860 1805 29866
31393 2691 2811
30956 8695 19312
10671 26019 14751
16977 1470 8349
26497 14209 22506
2596 11018 3018
8355 30840 15055
