1000 1000
23843 9218 20320
15683 5072 7931
17078 29373 4150
29073 6364 5846
32651 8947 20436
13530 28665 14451
2100 6485 12530
25740 2079 6450
3524 10019 27253
21536 5741 17165
20039 30266 27312
11474 6798 15590
15208 22192 10780
17149 30237 32227
29650 22573 20181
23844 788 26524
7212 26736 21626
12750 14759 30218
27336 24009 25670
30915 12321 9591
17752 12153 30583
8523 8083 28126
12870 30503 21092
25210 11906 28798
10116 32244 28878
15286 7884 24461
32494 23760 11338
27373 11903 4426
7316 27426 19429
11076 4956 26342
11654 10211 22597
2592 1846 1267
26101 18606 4593
6608 28524 7778
23504 30598 20372
4170 21558 5175
5913 21301 26698
17853 11386 15218
17323 20369 12897
23003 2399 2027
10288 27155 6412
22571 30940 30219
13418 7288 27646
21195 6392 9895
11559 23151 25070
26718 23924 1903
18035 2169 25443
21796 2065 26540
27877 2440 9574
22634 22453 19518
9500 3590 29671
11986 3355 1817
21700 2625 23036
30499 9173 21948
2753 29557 10814
23209 5316 26446
1102 27115 21486
4932 13139 30307
19241 7141 435
14518 18712 27551
27960 16465 17669
27613 2988 5547
2075 22899 7590
20938 30421 14396
17315 20233 3766
10753 2392 22296
27707 11421 15175
29252 27918 863
14993 15353 17020
20400 17163 24709
2089 7414 22419
10270 13058 25528
18597 13095 27764
18434 2345 19375
11739 5899 17807
28731 12350 18453
28958 31685 1081
1173 15753 3844
26170 31636 12484
7918 8945 1109
19733 19580 8193
21560 32622 27053
23804 19422 18426
20429 142 8078
20726 27383 17912
24279 26562 7897
24256 8055 3128
26807 7335 20348
2620 25266 30684
29353 20884 3147
17775 20251 32763
31779 12808 19757
20848 24324 21721
3736 27348 26661
28369 223 12980
5802 10771 28394
11364 29803 28070
22000 2381 12790
6510 411 25735
17367 15963 13159
23723 25879 9952
22860 32738 8962
17319 6044 15938
22061 20611 10798
22107 11448 17830
24764 28684 10705
26900 14986 22940
15993 5207 25928
6917 24459 628
9018 21395 15610
14879 23702 5550
32346 26667 24622
13556 10402 15940
5966 14988 4400
10720 12520 29622
525 30579 2030
20134 29555 13794
18688 31122 32396
28219 6983 30730
28029 931 20641
8840 3235 20368
24830 17480 8476
20024 13578 19289
10378 28489 1036
16117 17939 24282
18701 28686 173
23201 4926 6185
13976 26471 13716
23151 27179 31418
6581 23297 19412
27874 14871 24717
9563 18198 1894
13343 2662 16879
15655 13113 29250
2076 27036 18469
7904 4440 11495
15498 29982 10649
29553 6718 10824
30858 12173 3675
27359 7484 22105
661 24217 12824
9189 24778 11688
19737 27288 13531
27455 20536 29135
8379 2387 7719
10182 22213 14751
1857 10940 3667
24554 706 27986
9868 31116 2099
31285 27517 7727
7465 6908 12652
32211 27439 26196
14952 21 29185
31066 6693 26800
10747 24648 3079
9540 10960 29268
28541 10326 10879
9429 24208 30104
26755 6568 4796
17259 22858 27858
3070 21923 9705
1382 11822 30090
21518 28074 18575
11047 10806 30325
15269 7104 9248
10715 12614 12701
2945 20748 6900
28943 2297 4474
27242 7857 16710
25914 14453 6894
21176 29357 19973
5827 18148 1887
17284 1478 19613
14895 10854 29032
20000 30897 29954
4471 14223 976
4256 19943 417
8120 26067 3537
21655 31475 13065
30652 22386 4305
30048 1820 32611
2830 21435 6936
29571 26287 16406
25232 22724 24621
17174 18783 6695
27349 9700 19165
304 14191 28220
19880 12952 3614
24769 27813 25409
32647 32148 20801
22895 12597 11044
765 3636 18748
840 20521 812
15645 30347 13295
8299 2026 14790
23956 11956 2987
12789 15611 16875
8703 21059 14443
10189 8199 8295
28561 11999 20863
21299 12233 22948
12078 16234 32153
21011 21633 1747
22398 12616 30835
15755 5612 28538
28079 31135 3216
4141 28153 218
20696 24233 13514
2268 18869 20138
11578 15724 27808
21849 14115 272
19419 20091 18308
7130 23033 16873
26659 19588 1696
7488 23159 28608
6286 13785 25028
12745 26842 9980
30856 32318 25468
24656 29974 8752
28944 30870 24961
21626 11735 6295
2747 6224 4607
4699 2814 11803
28452 30876 21355
1668 26390 19066
30962 27599 16349
1905 18545 21867
14586 16263 26144
6599 17904 29642
31788 29287 20995
23289 15522 1590
28992 24194 14991
28190 8893 25516
24166 26582 2082
13590 31137 11003
13928 8288 15787
5219 993 7208
6654 7086 30585
2616 17800 18205
15675 27133 30548
4520 17431 3900
4710 30538 26850
12544 18663 7072
21150 25815 31362
16050 25596 23101
21005 29713 26143
27225 26220 20514
20643 20455 25266
32697 21214 7030
31114 32233 613
14291 10198 23579
21202 4805 2709
20574 15045 15866
19466 32254 10793
7234 27675 11352
13753 28411 26615
24556 7106 22476
1275 2484 1578
8855 17111 16565
11697 27560 14572
14803 17015 30259
25337 29161 15807
18173 8439 15897
242 22361 28225
13921 26087 29782
5112 11887 9313
7735 23206 12471
12505 31779 32545
12226 30846 14366
28339 25033 7803
22328 3703 31362
7800 25092 4614
14138 30819 29004
9555 28964 18800
29443 28116 10737
30302 15227 9955
18080 19197 14041
23907 27800 13037
20165 3750 13556
28584 22630 11918
10782 28610 7821
22771 17311 11120
23600 12869 21557
10824 15131 15219
7718 5703 10978
7435 469 24
9242 11682 31379
14483 11208 14198
23991 25477 11034
16722 4081 10159
28501 24242 9435
8209 26127 19240
7377 29288 27038
21758 13571 12021
12752 23325 32200
23936 15581 25133
11062 23453 17561
1278 21487 28718
5102 17447 4669
14377 20618 30957
15202 20635 3285
28518 8489 25069
13862 27614 4545
28774 13110 8057
2507 5618 18133
20506 19634 2338
2779 14212 22331
5491 5986 23999
24669 26835 10802
29374 23634 23137
25213 27454 13806
3701 25805 25841
12848 7136 31546
5596 12823 5749
1504 19197 18102
8904 20368 14898
19339 30517 6854
11094 31501 28196
31451 15533 12676
3468 19836 18050
21021 10166 26715
8718 574 31044
20260 22428 12055
26737 1459 30699
4474 18842 21124
9428 9196 19710
1387 3372 16124
31170 5765 24556
20435 23096 12654
31375 23821 15712
180 22204 19911
12719 19852 31525
9977 7440 18372
29615 13063 5673
2553 5331 18322
25311 11786 3652
7572 16412 1484
4306 28588 22223
19456 2958 21174
565 24962 17455
31903 19288 27331
20148 28023 15829
24952 10315 11976
31201 28308 31090
7463 10126 8308
17244 28680 12107
20826 31894 29655
23466 21021 24810
10820 18535 11551
30852 17630 17061
5502 6739 11747
32378 22159 28082
4950 17838 22408
12104 10323 960
1916 15660 4256
21290 17805 11853
10884 28646 6493
30994 10972 13105
20421 27965 16235
31887 20426 1301
11122 11279 15308
20932 4736 4560
13057 1790 25996
30404 18210 27107
9793 8884 31332
10023 29849 901
22954 21616 6829
22969 1785 8447
2764 3641 18476
31123 970 5457
28137 9098 20378
764 9939 4938
20511 13410 4865
479 20032 12959
11184 1509 16187
12998 21300 13225
29755 22309 8501
2187 26668 5579
16151 9639 8142
26696 26810 7604
20488 10420 25956
23083 16000 16371
3323 23468 4200
2358 11640 22943
31643 3781 25752
1303 3560 1021
16852 29435 32429
8340 17556 29031
16040 16677 2720
19536 14859 28904
17111 17767 206
16576 14371 17216
18761 3964 2220
31668 258 10070
23884 7556 24516
21696 13636 15678
12529 23137 6701
2405 18200 26202
20529 2508 19914
27853 22138 28227
28074 2976 19435
12405 30404 23422
3086 3345 1312
21023 6222 6184
21398 6602 8551
28887 12515 536
17690 22565 19197
28154 21541 12078
17572 25341 13426
8322 18746 7629
13199 30920 4820
20472 23902 29351
5777 27381 11022
31206 19243 7269
7753 10705 15819
24472 7343 2783
26914 18515 8068
21395 693 27345
2981 12448 12920
1287 17857 22608
26783 19757 22213
27942 17841 2425
13464 29635 18654
21806 777 24582
14482 14037 24838
32119 31050 27594
5646 14054 18087
3323 13288 335
704 28909 150
28161 4029 28416
15493 10239 26530
26611 6406 24743
26216 14250 29442
28561 31314 29743
9704 10682 11902
7672 2795 13282
17339 9576 30827
21554 19354 27031
21936 1826 31176
5206 5854 23450
8090 30574 13605
23127 1514 20265
30521 31889 6434
3604 7682 30171
7062 5634 18836
21834 21015 596
10849 16857 24260
26488 21165 22028
15908 11184 15427
24276 6770 23829
22119 435 26936
10459 12299 3616
1824 22486 4678
32301 17926 29757
7937 27239 8529
31919 18420 29950
3204 18547 12753
28710 4112 260
22462 17340 10349
21709 777 22061
7016 18225 27415
31892 14271 16846
4510 13858 13035
19203 12052 14019
6461 1455 17256
1278 1068 24124
7919 12061 2798
2269 30625 23439
8517 13587 24197
14474 22684 6774
10602 3829 14162
17074 9432 31876
6742 13520 8774
6437 21748 26039
13965 2971 750
4594 15517 20840
16591 25779 28783
15857 15996 4120
13883 29917 24588
15022 25066 25534
24793 26164 4814
32499 11479 13217
30609 17869 25637
10344 3691 20976
15586 22778 13720
30204 14146 7308
8202 12141 22497
11803 603 28608
23639 24238 3077
216 7692 15580
213 2207 5966
21901 1693 28656
16032 29189 31530
12469 11349 30494
26229 20300 15966
18900 23837 816
11873 23815 26389
21205 19979 19581
16026 9939 23974
10535 31593 6215
12526 23205 32302
32374 5664 14859
12351 32692 13141
18918 27530 10629
19982 12154 7885
21505 12560 20814
517 21629 9330
16107 28456 17255
11252 17888 13078
22898 32658 22537
27341 10227 29273
10001 16605 12427
15226 6454 7965
8199 21917 31564
10395 12420 26743
5125 4057 30423
28831 31855 7478
7980 6557 25022
31146 23788 32324
5196 4534 4581
17219 2014 9371
28837 16374 10537
21451 7718 10626
11413 18077 5809
29728 14912 13892
23036 24249 6982
30210 8854 23732
19520 19353 11396
21004 6410 11267
20269 21925 9674
12386 28275 28128
2349 22330 1827
31597 23540 26078
23183 18016 25008
32296 32121 24967
11977 15469 20019
22523 28613 29104
5637 22774 13767
19990 22991 21988
27734 3994 7663
18109 23648 2306
8549 2193 24703
5394 21557 2661
11898 18943 3341
15421 23055 295
16936 29818 29936
1790 18802 16230
28683 1868 25581
19726 8718 2454
6227 29008 5931
4569 8445 27188
3609 14719 28931
24704 18011 21643
5285 22150 964
30487 28906 31041
27451 28416 9862
1952 7356 1504
7169 17442 11935
7996 29462 9379
28189 1791 27994
13430 2320 1063
1054 23731 1274
959 14229 1746
10057 28685 22842
19833 13017 2060
21868 12179 7867
19229 16475 31138
10805 19705 10792
22870 29193 1514
32328 20318 27386
29499 29226 29566
25997 7148 18201
16098 32525 19883
25443 20658 9169
9728 1723 24806
1730 15304 7644
21852 12823 31972
31087 11559 5475
5170 27695 13867
13522 27580 5195
16615 23983 7984
21515 18065 1066
29329 15799 13672
11865 8491 30389
22342 4220 6348
22001 1652 16005
30001 16770 9411
5848 20415 3978
2264 19023 14196
28253 21960 9601
25884 6118 28901
32580 32712 21575
2519 28784 1404
4032 26862 14566
11304 2002 30646
30161 20185 21412
14284 3372 15153
19365 7153 29317
29461 5235 30557
10496 13989 20732
30549 9886 27249
16355 23296 31935
11753 18469 23927
27110 13846 14588
1563 14525 16520
16643 21291 4185
12944 24731 29334
6590 14511 23438
32013 7846 31309
28147 26461 1406
13742 18514 7676
20146 22563 5896
32481 30506 26237
6380 9625 25621
18887 2354 15768
15333 21557 24720
20173 20634 4695
12704 14457 32580
15506 9350 20032
10435 23761 21970
19329 10194 31864
7336 4323 26692
28314 31774 24624
908 2667 17381
2663 1667 27128
9260 17420 17510
277 14529 5059
23326 8343 20345
3869 19653 14788
28115 22962 21093
30216 23000 6768
19459 30442 10821
23346 29148 21053
8684 1684 10990
7835 23128 30726
11450 9231 432
21024 18505 1298
12253 3894 2157
29625 5871 43
1353 18220 4797
11658 4371 1370
23500 20178 8729
13547 24947 19474
7682 2934 3900
32182 27223 19445
396 7841 26178
26998 28039 9340
12693 16915 16430
29261 25869 1571
14538 6475 8153
8114 654 7153
3670 11823 4472
26449 19997 27237
18040 30379 21311
1709 7892 21822
13007 24417 29387
29278 30369 3987
1913 31687 24146
15871 30714 12849
12680 13887 14802
27684 1915 8766
16524 15118 10165
30703 1186 26259
26646 28479 29085
12836 11290 5192
32637 8403 26975
18887 31579 11109
21857 20432 17229
7337 8328 8896
31114 2057 25190
18036 29391 3679
6969 20920 25601
25866 28344 19970
4883 21312 31756
16225 3882 6565
30492 26800 13311
30749 26381 8207
31877 17887 11785
18324 26829 20428
15936 15933 31526
28926 8237 23849
4232 6563 11803
21768 6195 14348
10471 32721 28307
14337 2567 31411
24423 3160 14027
7245 4898 30406
30947 6945 27537
500 24610 30790
5055 25045 29058
606 18198 11832
18279 1224 5062
11161 1832 30487
7275 5693 20427
16578 7402 9086
1552 25884 13979
11619 8626 11143
18350 15475 24553
6117 20935 25547
32563 18256 13292
9071 26708 1291
15265 17630 26779
11192 20817 26089
24936 9931 17392
9668 4331 10302
30687 10334 22574
26247 32016 25582
8790 30407 20586
27854 20774 5956
19567 13197 21188
32281 3356 26944
17600 44 19216
32280 18514 9313
29169 28218 27619
30477 30220 20682
19919 12718 11579
23881 23658 2777
12044 23330 22337
17011 31 12159
30114 15908 3280
32097 22110 18953
14102 3056 7373
20905 31659 26384
24339 9515 29294
28212 18850 7878
11781 17783 7168
15480 16070 23785
25291 507 23768
550 4858 14069
32149 12334 27237
21871 22579 4464
14728 15496 7588
26664 31363 31594
26554 20715 22886
18558 9103 4992
4524 30940 31524
30194 17669 3078
584 17891 12121
8149 10940 3107
23561 24755 17300
7810 16504 18955
2016 994 24522
19198 140 24208
23531 9048 15749
20692 6099 3266
10781 4038 20233
1081 177 6244
18022 18366 8585
15074 31260 23631
20735 28737 27895
12311 8420 11811
31970 11490 2335
11486 24748 20179
29591 21455 13068
4953 16212 16369
12003 21599 32481
6317 194 25539
30196 9972 20908
31498 6736 25228
28445 21330 7147
27047 13386 31111
14412 5818 6315
13018 23864 10380
1975 1391 24205
12430 26095 14678
17262 15210 26397
26045 28320 26590
6622 24164 9780
24523 19550 5457
15975 26505 11875
17604 27590 30590
21645 30061 150
5103 220 13533
6514 22293 21618
4155 32054 24948
20122 10040 13340
9320 15626 27460
6693 15105 357
24323 28859 17680
20484 27130 13204
30850 19446 5263
13529 23789 9285
16432 17544 25961
5755 12242 26391
23713 31333 29853
24410 22314 15127
4837 4006 8211
24880 29533 30263
21437 4704 29831
18639 7404 10791
12399 29600 18463
20447 19097 32620
8477 11772 23096
8939 20177 11923
17568 877 8535
24857 7166 26816
1623 28014 22087
26708 6034 14361
28782 19357 30650
7126 20954 13753
29063 23630 1047
19539 3335 13861
4812 26567 3894
12345 10221 3718
6094 4649 14385
16317 20832 9237
21447 20785 26532
7077 28485 25709
14350 23117 14561
14112 28833 24783
19939 21185 4360
7169 25690 24436
483 28368 15630
7729 13919 7557
29111 20003 3081
32327 29548 334
23780 4833 19806
9333 30648 28614
32710 15931 29358
5202 1820 10632
3098 6227 25482
20270 3480 21192
13472 8909 25946
24041 15689 26356
27072 7271 25598
31880 31529 9204
825 16746 30730
12550 7725 16980
14141 2008 19892
17412 31899 26290
31113 26525 7116
28011 12727 28234
15710 7724 15441
24612 31253 23414
11108 6742 16514
1895 3882 2174
14551 10297 6272
3415 6906 13835
16282 24214 10968
30180 17142 22545
20220 1525 4750
2598 30048 32542
31570 1883 14979
20404 9941 13634
1723 13186 17223
9376 5581 27917
26531 13517 7355
9245 2089 1630
477 3448 3855
258 23347 16369
28020 28842 9978
23201 14485 32237
29309 24693 10051
1450 25390 27881
917 5103 22005
9746 25818 1561
2248 4066 17873
6205 636 9384
19229 25031 11483
22230 19955 1377
21750 24583 32534
6167 1469 320
13829 952 28876
6262 16498 26751
22920 12113 17911
16882 13931 26416
5125 21259 31900
26221 26141 7574
18883 10978 32322
26842 24603 26028
8622 7035 10441
17454 19908 27807
12396 19033 14662
12368 20981 8747
30152 17186 953
1142 17764 22805
31428 7907 30896
13244 6256 6966
26861 927 22071
11220 25217 30943
9158 16770 5032
18200 27474 20079
21350 8331 12335
14965 21696 27773
31647 27804 6699
15578 3048 3552
15685 18206 31145
26932 24259 25717
18285 3270 21162
23841 3969 4229
23747 797 17411
9697 4424 24576
13628 21713 11748
31267 21040 2587
32475 29958 22386
23248 9348 4336
24637 8469 19712
19926 3521 22057
13862 13694 14523
19876 3005 4325
24904 13821 30190
3293 20731 591
27640 4602 9005
8541 7974 21423
10132 9683 4607
23221 21272 17359
12220 3756 13025
18335 30719 773
5557 27085 4801
2847 24449 9304
24716 22960 15157
27973 23275 12135
7893 31318 22816
23760 21965 29210
3348 7031 1414
11814 19604 592
24630 29345 31417
6486 31228 16134
9640 20595 29740
7205 11388 23968
29416 2923 385
17997 4336 31588
23715 6147 17850
25982 29222 5192
29126 30992 407
21443 1324 30618
20738 9376 29815
9807 26725 10294
28597 30928 8549
29671 4047 22843
24384 14664 28183
12644 771 14722
23072 6498 28669
2041 8658 20302
13427 24619 8125
23623 10901 4826
942 2745 9649
20077 2432 4575
32679 18068 4661
6791 6813 32555
21318 278 10995
15969 4150 30923
23929 27161 4717
29768 11744 21648
21316 30542 367
15424 3165 13768
23031 773 8757
9227 13577 24703
7420 23644 27494
5047 9124 32178
9399 22533 11576
26558 13183 8497
23663 30761 27981
25304 14721 11549
21302 26385 15929
20742 7810 30801
26699 5018 1446
25228 17897 13335
19827 3997 12433
8395 31372 17128
10793 12250 14109
14398 4173 21820
16586 10753 6632
31237 29414 648
21249 22761 16614
15556 2776 1023
13589 14372 26674
30661 18313 951
6129 24421 8533
25745 18919 28214
8192 7023 28652
29318 11574 11678
29486 1431 16062
13592 21449 31975
4780 31729 26264
180 31704 26353
9546 27584 21134
29571 17592 22610
23943 19661 1397
32381 18200 15393
29351 18340 29354
30868 790 15166
18026 6636 20611
10455 15682 12992
22843 13143 21767
21978 32748 8583
11508 2784 15798
6097 26711 30260
14981 8008 10634
14360 16287 7656
14629 18198 14457
9246 11634 18847
13775 13195 9761
13042 9971 25349
28733 10047 15718
990 9823 27404
11941 11369 8482
25049 18501 19387
19414 24575 2626
10927 12665 21470
15253 32301 21987
2615 11524 28331
12096 4567 7742
14579 21443 630
31015 19495 12185
10974 22385 2307
22300 27216 1644
1635 18762 14627
32031 32517 13941
9390 30871 19599
7995 17000 12927
5076 24505 24142
26097 1619 31484
26757 5772 23808
15032 26177 19911
28744 30525 27109
17028 4431 7078
22124 7913 2172
14932 29191 22635
23863 17819 3079
20011 19185 16570
14846 8582 1893
32017 28705 31975
15902 14222 30961
15584 25914 10857
4123 12154 20333
26385 9372 24009
8009 3174 1576
5059 32700 11560
461 6738 17882
31407 12756 22439
24540 2013 1256
18898 13673 14418
16506 3983 23829
12254 611 29539
19240 22076 1483
11496 23968 17149
12106 19557 27001
9666 9294 1186
11563 32430 29117
18171 19573 15131
1499 26034 14681
2700 365 12426
11880 32739 9247
16273 7743 21205
22563 24637 15442
21914 8475 22714
744 29417 29241
30083 23143 18467
12196 5424 17874
12239 24350 9870
14480 20550 19429
19701 31087 687
8662 7894 14056
9774 17368 12948
12453 13145 24952
28053 6720 9196
4049 18840 6990
701 27055 1097
4252 14322 31476
27922 29368 25969
31546 17717 1459
26520 7097 26136
13862 20015 27755
8671 18291 24986
7279 4672 14157
2131 6572 18835
31355 8344 21430
6697 30424 8801
9717 26591 24223
7573 11524 14323
20709 26749 2903
29462 25447 4729
24865 3522 31110
28402 31604 2765
3216 19599 32426
3135 18753 11436
4101 26209 9866
3848 17042 26902
22928 9661 19283
21358 19192 1398
16540 9593 29026
9692 26814 17497
13619 18001 23523
9371 16792 2785
32057 28360 26312
25973 3923 21046
29065 8010 26572
31268 7157 5794
1581 22790 31614
1210 4624 15902
4144 24571 1158
26956 22838 11892
183 4391 4768
23688 8136 3916
99 27620 13314
9975 27297 3765
18224 6608 12075
791 22600 32519
3141 17104 7246
4258 2217 23358
18038 25366 7374
398 7049 15125
361 14127 21641
30120 18229 4742
5272 13949 7151
32740 30230 20610
24741 3765 29450
7347 30001 7930
11459 13103 23809
761 22207 14994
8473 26930 18635
16767 4954 8854
31852 22140 22276
6388 31102 20995
21114 2484 30235
1749 28229 22727
11710 19602 17756
4062 13224 6279
10914 24026 17539
6343 10161 10884
23366 1405 22742
4735 3416 7296
19036 24443 29176
31528 15118 20650
6364 19041 26615
18296 21528 28925
17772 11383 22850
16463 18765 8344
32212 20213 10887
20129 4817 30197
14813 28891 9132
9228 14313 24331
7269 31554 19549
14500 6901 27842
655 32571 28652
18153 28469 13627
4697 27037 25452
21722 2794 5344
20736 13132 6740
1444 17383 9270
7925 21729 5390
29029 32184 19686
14937 31424 4666
10477 22501 4731
27179 29425 30352
27022 20470 29636
955 8294 26788
26972 32334 20442
26877 30573 29949
7776 9713 1598
14794 13697 1079
949 28363 11146
2868 15027 20526
13701 7966 13480
24442 13671 9825
22878 21527 30859
7746 16665 29969
14943 25282 27874
16409 16222 11717
22816 461 7230
4467 7784 17209
32106 29151 5270
12445 690 16870
11293 23920 833
1883 29083 2470
19920 27233 28593
19503 14618 21527
25361 18112 6288
24699 29912 18133
26957 10120 28447
30711 19276 8610
8140 2874 6873
11060 23982 30731
15941 27544 25546
14888 31710 9015
30447 12528 27678
9457 2449 989
23587 32447 20948
12367 13407 5526
1510 9355 14225
14479 12946 3075
11764 28486 24594
12504 20662 1919
31013 5789 2475
9744 10338 12894
23363 24315 8140
25568 1210 6362
32422 5163 13966
16256 18825 7494
27446 2525 10419
24386 14353 22306
24738 9849 10909
26406 14562 18200
1513 29192 17699
4571 29773 25367
17550 1560 344
15086 2905 25855
28682 23779 10905
2592 16707 19363
19032 11566 32380
6422 27112 28930
7349 3465 31350
25570 2990 18955
2018 21764 17754
27159 25551 9038
29073 26740 1782
26976 29189 19290
7359 10964 27255
23510 27922 26308
6443 27759 6250
13197 5017 29450
23084 18387 15205
31243 17720 5318
32657 11453 11965
21923 15858 756
15185 14461 22752
20465 16961 1085
21810 14469 31525
24552 5226 21626
10680 7968 32556
32558 15335 14318
13301 7041 3624
17854 3593 20209
18957 15787 6317
30724 4889 14333
17047 25575 30162
29424 26019 1876
19735 29368 30407
16056 4532 25281
29257 22934 18484
7227 22575 29990
247 30166 19704
27203 7812 16586
12937 21124 22047
5915 19818 26792
7839 24347 18994
18487 378 10288
14144 20582 546
17623 18092 11835
3988 17897 27773
20979 13357 15134
11549 21409 30656
23759 12298 2839
10215 768 27341
24329 31382 3485
30768 3952 16118
8708 28588 32557
4208 25028 20769
16623 16391 32420
22730 27478 26604
20456 20335 30809
23884 19663 10972
13285 29805 4192
4755 32198 19193
19046 7358 25291
3226 16826 22375
20773 26054 19392
29163 27665 6365
23860 6828 17079
26993 6183 25863
28241 20964 31556
19334 23439 14137
5720 8790 17210
3876 26642 3579
5657 11363 18695
21058 24593 9553
2040 3447 26255
2233 7000 13273
1579 21736 3081
24395 4997 25862
32103 18252 17267
18598 30343 29993
24159 14747 20672
2161 17130 9229
28523 8106 31701
29901 9448 14658
27938 8678 26850
8393 23670 8565
17363 15453 22722
17082 5066 20069
17698 7534 3692
32642 2822 2903
9272 17602 14223
24603 10512 30231
2108 21330 26101
10504 10949 20702
30739 9127 13383
9087 8445 31683
5026 11682 27705
13918 799 9338
19967 31585 15703
338 7998 12687
31056 7458 6880
5816 29160 10848
16463 10287 31863
280 16184 28542
29360 28991 20623
1879 29640 3909
8403 27854 16603
12009 12179 28870
14475 81 18481
23977 13802 858
30694 9565 22170
17709 9478 11123
27698 7187 11141
32673 7396 21898
8891 7282 30557
2712 12388 32316
32237 3679 3307
9811 27880 10994
7400 24188 16460
8295 17383 20644
15523 6701 21611
18130 32555 3744
16690 10075 22837
15579 29627 341
31435 15565 27654
15693 12437 21904
3483 17981 14590
3573 15821 16056
29842 11108 14144
5736 30122 4835
13993 5050 13132
16500 25813 9688
25421 18596 8685
4824 16312 6241
5624 22066 15220
26380 10913 17272
27168 3791 21050
16705 8002 16177
16386 12391 2209
15847 30115 21362
18415 10733 18943
19027 20395 29910
19756 30294 1862
1633 11709 23122
31365 15948 836
19234 6182 18541
8725 1113 17350
30462 23628 30002
16130 5945 21521
22982 11741 29733
17178 29826 14945
31663 23410 31703
7050 14844 9593
4147 863 7934
32557 20017 14434
16965 8359 20749
24106 6424 18920
14682 12623 21189
32214 3063 14982
20277 28290 32063
15629 25539 32428
31872 25674 25166
31881 5038 29871
5773 31172 28505
992 11683 25794
8925 31768 15348
18218 31961 28361
21814 19877 32738
31362 27339 31970
21368 18454 25678
14302 16696 25339
9836 31586 4692
28912 31733 29389
24897 3298 5426
18963 13231 18705
4474 24838 28862
7279 18176 17364
1903 16200 15599
3281 22872 15144
3001 4983 15773
12794 6059 3243
12315 8301 22982
66 230 8092
10954 14276 6134
27117 17555 2672
8477 10041 28072
10880 13372 17454
786 22446 19895
22770 21610 6902
11046 25353 1590
28574 24654 22137
28278 32116 14415
18988 8057 18519
14110 17301 5365
30968 20278 26007
14167 8930 8075
1698 10584 11192
19904 29215 5073
14270 20633 22798
25552 16283 16051
13805 12011 13150
30067 10204 12756
20158 11324 2304
7470 678 18405
17445 9375 6129
618 11687 1063
28530 15073 25490
28592 823 432
30984 8422 3342
13566 28899 30536
30281 16743 19356
24191 29887 23284
11372 28399 30995
16970 22960 31885
21049 27169 7314
2032 10805 4344
17382 17834 16422
8967 20050 12248
900 30838 32690
22008 29862 17356
26042 24315 28295
17578 4061 29083
15817 4793 32366
30447 10490 5345
3334 27453 19991
30908 23589 12559
31054 15946 32284
6793 22792 11238
27434 7417 13095
15992 229 25264
32652 27117 4315
12049 3037 15844
17018 18663 3205
17066 19501 24316
16124 8809 18376
6887 328 29340
9766 22053 708
12742 1552 9579
29216 19812 29281
11835 19625 17440
19304 31414 13002
14407 24462 16305
26067 1661 30521
18698 21242 13488
22512 60 20384
19786 703 16690
27349 31403 12765
29017 30749 30422
22924 3321 14196
9066 12353 7877
16017 24021 517
21937 1896 25540
21275 11523 18418
23517 5603 23213
30512 22193 30718
30682 9070 23532
2739 6087 32197
22479 19089 16596
16099 31969 19030
31707 18703 28129
1296 28096 11111
17406 7042 12105
27244 17739 201
22320 12737 24429
23104 27255 21296
14998 5792 9980
14062 30904 108
23629 8480 29938
20364 18109 28829
5967 32311 8376
15094 4271 25879
24147 27060 4869
25256 18215 15584
22979 4578 25184
22217 5779 21527
26897 13569 5704
12830 13003 15017
12820 22705 20589
12270 24827 13332
18749 23252 32135
28407 11832 5427
5054 22686 30631
1022 19281 30271
24819 21451 16918
17324 14010 7824
27320 26417 19234
24235 17326 23744
1134 4902 31337
23627 14799 31032
20178 32626 21116
32527 19187 27230
23300 21452 8948
31725 1251 14544
20810 18703 17492
30774 17195 26480
103 9376 10565
19287 2387 1591
16559 15566 18701
22765 10272 10243
25114 16390 5471
19694 12449 4822
32506 4660 25028
26316 3643 32587
5424 31407 27992
8671 15603 26408
17898 25205 12175
14465 928 3151
8268 21932 12085
3215 29138 22663
30111 11423 5878
15198 12170 19407
30165 32689 32004
23616 287 12856
18810 9986 31670
28709 19427 7033
6776 20905 22331
11781 30808 23993
3891 2529 4276
27410 21799 6732
13283 4731 336
12007 10765 5706
15419 16223 30783
25385 3193 4683
31678 3610 27801
19288 20380 29625
32083 9379 12426
23745 10246 22374
21229 19410 17765
30679 24372 22642
7276 18509 2152
15185 19866 18341
28932 28625 32346
32484 21000 3781
22722 21021 6217
18041 13183 22678
27659 5108 30224
38 22225 8569
3379 32737 31604
28244 925 24056
5235 9171 4846
3290 11402 15250
16612 25503 17798
23291 23759 30119
24919 2062 28997
3454 8551 7006
32278 20227 28714
4956 3714 17610
26871 11480 32682
23742 29206 25797
2885 6155 15642
18237 27284 29243
8560 12229 9624
17310 1337 24273
25218 8944 18517
2187 18795 2614
26048 16592 20549
17129 16162 26747
786 23894 18081
32743 7252 14149
31482 687 452
21977 27088 12472
31046 5815 11332
26738 10781 31850
4549 30298 15963
6663 27945 32196
14492 25100 14333
24279 20980 23694
26 15833 29734
2196 21369 4013
9239 27838 7753
20377 28802 6954
12094 16973 14572
11415 22059 27169
24795 30411 20691
4255 17219 563
31229 2369 31297
714 28358 4475
20235 22587 7739
29180 26152 22858
30503 17714 31708
28272 10282 1804
17639 16325 9739
20995 18287 31268
27727 27995 16442
28553 11275 4262
26656 5821 23798
139 11712 11830
25794 26821 14195
1592 18605 5998
16766 13889 7507
32126 11404 16804
10438 6287 20571
28532 27360 10723
26293 22947 32728
24231 8866 30571
4372 19833 18396
9965 18494 27945
22147 31257 30874
26812 7954 19149
29335 29879 21138
23105 13732 2458
25357 32674 29764
10154 18502 10749
7781 2035 31911
14687 26094 24206
18043 29499 29079
4640 8541 5643
12797 3235 23536
20538 3318 2409
15825 7746 21281
1117 18890 21522
13250 11917 28745
21938 8909 3045
17936 17193 25921
7741 4909 7071
14263 16791 20013
7103 17211 7585
22413 23391 21594
20610 2417 28259
2172 14034 28568
3294 25973 29930
15248 1659 3926
9567 18726 1308
4233 20681 18209
25280 26653 4809
22576 5802 21086
4170 16416 32192
32681 8966 29010
561 11646 24140
3693 26202 21975
20737 13392 14059
26808 10470 8267
10309 17416 6936
1678 25383 23967
13789 11489 1162
21408 32669 7574
21705 22281 1839
1724 31237 9352
18775 6550 10696
32657 3980 32332
7656 25517 11262
12255 20655 24597
14039 21602 17464
20863 12481 25960
22812 28216 11945
15545 30799 22643
29379 22857 5188
10977 5839 28778
17752 13185 11162
8000 1389 20666
29127 20597 20181
9383 4047 10799
8819 4786 26951
6207 14620 15204
31586 18076 25667
27259 25270 8207
25046 11069 28227
9519 10083 30477
25521 12176 26751
12860 22745 30008
23656 27425 18055
24658 1769 3948
14462 3879 2174
2999 16061 4169
14777 2398 1025
12049 5604 16017
11659 25676 14568
1191 26659 16178
29806 10421 18013
23192 16451 10848
21531 12902 2561
23791 851 27978
10220 7845 22035
28334 29466 6733
27074 17640 19671
18198 18344 18353
4935 6817 7857
31449 18765 8537
19053 2361 30124
28931 19292 27624
32108 10645 5225
4530 32128 30796
20916 6853 26533
20729 3220 31918
26253 20892 20701
8836 19773 1075
14174 23907 5556
29396 31150 14620
13005 16890 29481
2347 14694 17693
13109 16874 9410
16773 1226 29188
14892 21343 3889
28715 20445 10513
29707 4366 31520
2251 3734 31109
27060 21598 14380
24847 27250 32594
13836 22655 26927
11058 13405 26866
25060 24107 29296
7940 3853 2006
1094 22084 22350
18513 19794 22757
15964 11668 6271
10166 23835 23298
29045 32340 9476
20287 8984 26525
29386 15426 32594
30313 13373 9643
21523 30325 9582
14678 12694 10656
26900 5680 26085
25946 46 30025
20895 9305 25834
26923 31225 24717
19654 10091 31747
18775 22005 4221
17709 10742 9220
27084 13577 5186
12221 32266 3154
9116 20044 6085
19758 27685 13216
2620 28848 27182
29716 15472 5537
1520 18767 27262
3200 32637 7784
4395 25799 22263
10062 14273 24432
1280 1896 3098
27320 6001 19320
1274 2851 1615
15045 32418 21952
21755 17273 1441
24494 21416 1608
17390 18143 5394
17746 17460 14364
27758 14923 32621
5705 1948 6105
26802 9963 31140
14909 27473 26599
18784 19254 3873
29324 22646 23842
14098 4052 13962
16743 11784 25063
13489 7697 30186
18145 19752 1725
3317 22741 13126
7349 7511 12050
8111 31324 19193
17573 11467 28109
5020 10271 22390
18111 29991 22680
30713 15276 20031
29683 18233 10802
11545 6756 17455
14009 140 11056
3480 3926 24427
16052 1006 21999
23057 425 18326
30112 2621 21926
26459 26462 21793
23270 21275 10714
5045 18252 26304
28840 5457 11940
8562 20129 12411
8236 23820 24454
22014 15699 6604
13542 23100 11712
12878 2625 26820
5270 3003 1133
22055 27383 5694
57 17416 25543
12727 13393 19315
15538 19124 10849
8560 8304 17309
21373 27095 32327
32302 15297 11365
31442 6442 8500
8208 24066 13902
29170 16536 8802
23684 30091 25183
2463 19034 9638
14458 23111 19634
31210 264 10961
28091 11038 19394
24030 4128 12686
3796 13246 19071
689 32236 5430
5916 21002 22416
31616 11223 22860
7348 6548 3675
27585 26252 10918
14489 22764 20127
2544 24949 25198
7453 30641 15806
18726 12658 12150
19812 13724 22811
13208 2277 32672
2232 29190 777
6446 11107 9796
21199 8341 31809
7348 22951 24024
7766 15125 14817
12117 26270 29257
4454 10660 3161
32091 19622 28354
13222 4544 9681
111 1619 25821
9290 4564 20212
10954 12377 7273
18994 29270 3872
15382 8806 587
23248 5785 18791
7155 19228 21031
9375 18138 25070
24406 16229 2518
20569 6714 30599
13637 10192 1742
22565 8854 11157
11414 5830 3339
22131 21891 26277
26556 26800 13335
5708 21728 4670
13513 11108 8776
3377 32427 28876
28460 15478 26442
10984 24362 8897
24022 26172 32396
17863 4483 5177
15306 20910 22318
27222 6735 4289
4676 14179 640
2921 9440 8986
21243 25688 11059
3064 5916 17672
1577 30539 1734
28260 31049 18315
13152 16837 24542
11501 1565 22047
15700 1078 29569
28029 11492 6093
2081 24234 29812
30485 12970 18225
16056 22521 28452
6536 16542 14025
14200 23433 19945
10308 23856 10529
8475 4598 12415
20300 23193 15556
6273 4929 31498
30149 195 31209
23808 12627 16390
9110 29146 25698
23616 4082 17897
2065 20452 24118
4049 31615 13411
23964 20274 14304
30195 534 16008
2768 29839 4416
7248 19174 13887
7059 3949 14989
3737 5596 10953
3343 24456 9965
21567 16883 22348
32147 4793 19081
20418 17096 1941
11715 13030 31785
5966 7750 2198
29354 1368 14017
4505 29064 1867
20606 5087 29055
4932 10295 15370
1086 28040 17706
14382 5144 14699
22127 28629 19452
4465 31370 32071
15271 27314 9533
19464 3096 18307
6048 161 22596
32082 7795 3491
32268 4562 2738
6634 31596 29529
6250 7199 11253
4230 14284 20352
31357 4902 27775
26084 23317 16984
14139 6905 8507
20464 15764 3281
1617 5402 9235
32157 29774 576
20107 25272 26804
17965 31402 25831
962 28786 26831
13791 6122 4872
1819 24327 19845
10040 21195 28032
11974 14776 25541
8035 12268 8727
22128 30281 1980
18778 1993 21265
27695 17384 22452
32477 1896 17059
25999 17758 14568
8024 31501 1106
30469 2137 6466
21578 25752 3944
23546 11953 28407
8151 10063 13578
2083 8174 21371
32121 20802 16781
19178 2181 18767
17938 20116 17436
21520 14717 21641
16343 11592 26835
13517 30336 7215
6080 6247 20690
31519 14719 24245
17791 26512 12543
27906 14968 11846
23614 7258 2920
18377 28409 14749
22913 30998 24712
19411 2172 27796
28932 5311 3291
22345 2474 32695
28530 32334 31876
29363 10789 12416
26438 13731 16883
2169 15734 25606
16948 2751 15823
7352 32030 29754
22248 25611 13710
19692 16145 27674
5638 4828 17277
14170 6385 4435
4775 18802 17967
14411 1518 23117
27085 2085 11906
16237 10260 26010
10628 32642 4806
27124 32617 17467
9124 894 4768
7772 16435 31289
24948 20497 10944
11472 7987 4481
1186 6606 26768
935 17855 2319
5958 17757 19794
26996 30974 24250
28651 14043 28019
30366 9911 31823
12244 1675 17409
18043 20330 183
20729 6757 7034
7263 30900 17497
1645 15453 9333
4898 17454 9213
11563 21377 10196
28173 17978 8151
1153 31283 1406
22565 5513 17540
11405 22070 12759
23377 5949 12827
20109 26436 29543
10968 5355 31148
9706 1885 3954
5398 242 952
12873 9245 12154
7816 17119 21123
31247 23221 25298
31872 18647 18782
16912 10329 1747
28691 15420 15925
19041 24389 25939
29229 26373 3322
18831 5282 19560
18373 25739 15571
22177 22006 5033
430 29620 5390
1969 13543 16984
11638 31162 21576
3582 11888 10062
9544 19470 9805
22985 11998 32372
2785 32002 1431
8027 1588 2349
7655 31288 31610
17408 6332 5643
22597 7445 15961
5346 1530 10640
7010 11422 3969
769 29747 7417
20289 3468 630
18120 14668 26951
12533 18558 5590
4835 18860 17394
16364 30607 18979
12642 15459 25
20987 25527 15630
22358 24518 8714
25652 28613 20508
31336 23616 3183
21227 12754 6075
20753 19214 30088
19832 7549 19489
12680 1294 14398
